-- Resolution of 10x10x05_3.txt
  ------------------------------  
|  0  0  1  1  0  0  1  0  1  1  |
|  1  0  1  0  1  0  0  1  1  0  |
|  1  1  0  1  0  1  0  1  0  0  |
|  0  1  1  0  1  0  1  0  0  1  |
|  1  0  0  1  0  0  1  0  1  1  |
|  0  1  0  0  1  1  0  1  1  0  |
|  0  1  1  0  1  1  0  1  0  0  |
|  1  0  1  1  0  0  1  0  0  1  |
|  0  1  0  0  1  1  0  1  1  0  |
|  1  0  0  1  0  1  1  0  0  1  |
  ------------------------------  

solveTime = 0.005792140960693359
isOptimal = true
