-- Resolution of 10x10x05_6.txt
  ------------------------------  
|  0  1  0  0  1  0  1  0  1  1  |
|  1  0  1  0  1  1  0  0  1  0  |
|  0  0  1  1  0  1  0  1  0  1  |
|  1  1  0  1  0  0  1  1  0  0  |
|  0  1  1  0  1  1  0  0  1  0  |
|  0  0  1  0  1  1  0  0  1  1  |
|  1  1  0  1  0  0  1  1  0  0  |
|  1  0  1  1  0  1  0  0  1  0  |
|  0  1  0  0  1  0  1  1  0  1  |
|  1  0  0  1  0  0  1  1  0  1  |
  ------------------------------  

solveTime = 0.004851102828979492
isOptimal = true
