-- Resolution of 10x10x05_1.txt
  ------------------------------  
|  0  1  0  1  0  1  0  1  0  1  |
|  1  0  1  0  1  0  0  1  1  0  |
|  1  0  0  1  1  0  1  0  0  1  |
|  0  1  0  1  0  1  1  0  1  0  |
|  1  0  1  0  1  0  0  1  1  0  |
|  0  1  1  0  1  0  1  0  0  1  |
|  1  0  0  1  0  1  1  0  0  1  |
|  1  1  0  0  1  0  0  1  1  0  |
|  0  0  1  1  0  1  0  1  0  1  |
|  0  1  1  0  0  1  1  0  1  0  |
  ------------------------------  

solveTime = 0.007604122161865234
isOptimal = true
