-- Resolution of 10x10x20_10.txt
  ------------------------------  
|  0  1  0  0  1  0  1  1  0  1  |
|  1  0  0  1  0  1  0  0  1  1  |
|  0  1  1  0  1  0  1  1  0  0  |
|  0  0  1  1  0  0  1  0  1  1  |
|  1  1  0  0  1  1  0  1  0  0  |
|  0  0  1  1  0  0  1  0  1  1  |
|  1  1  0  0  1  1  0  1  0  0  |
|  1  1  0  1  0  1  0  1  0  0  |
|  0  0  1  1  0  0  1  0  1  1  |
|  1  0  1  0  1  1  0  0  1  0  |
  ------------------------------  

solveTime = 0.006163835525512695
isOptimal = true
