-- Resolution of 10x10x20_8.txt
  ------------------------------  
|  0  1  0  0  1  0  1  1  0  1  |
|  0  1  1  0  1  0  0  1  0  1  |
|  1  0  0  1  0  1  1  0  1  0  |
|  1  1  0  0  1  0  0  1  0  1  |
|  0  0  1  1  0  1  1  0  1  0  |
|  0  0  1  1  0  0  1  0  1  1  |
|  1  1  0  0  1  1  0  1  0  0  |
|  0  1  1  0  1  0  1  0  1  0  |
|  1  0  0  1  0  1  0  1  0  1  |
|  1  0  1  1  0  1  0  0  1  0  |
  ------------------------------  

solveTime = 0.0069811344146728516
isOptimal = true
