-- Resolution of 10x10x20_2.txt
  ------------------------------  
|  0  1  0  1  0  0  1  1  0  1  |
|  1  1  0  1  0  1  0  0  1  0  |
|  0  0  1  0  1  0  1  1  0  1  |
|  0  1  0  1  0  1  1  0  1  0  |
|  1  0  1  0  1  1  0  1  0  0  |
|  0  0  1  0  1  0  1  0  1  1  |
|  1  1  0  1  0  1  0  0  1  0  |
|  0  1  0  1  1  0  0  1  0  1  |
|  1  0  1  0  1  0  1  0  0  1  |
|  1  0  1  0  0  1  0  1  1  0  |
  ------------------------------  

solveTime = 0.005424976348876953
isOptimal = true
