-- Resolution of 10x10x10_7.txt
  ------------------------------  
|  0  0  1  1  0  1  0  0  1  1  |
|  1  1  0  0  1  0  1  1  0  0  |
|  1  0  1  1  0  1  0  1  0  0  |
|  0  1  0  0  1  0  1  0  1  1  |
|  0  0  1  0  1  0  1  1  0  1  |
|  1  1  0  1  0  1  0  0  1  0  |
|  0  0  1  1  0  1  1  0  0  1  |
|  1  0  1  0  1  0  0  1  1  0  |
|  1  1  0  0  1  0  1  0  0  1  |
|  0  1  0  1  0  1  0  1  1  0  |
  ------------------------------  

solveTime = 0.00884103775024414
isOptimal = true
