-- Resolution of 10x10x05_4.txt
  ------------------------------  
|  0  1  0  0  1  0  1  0  1  1  |
|  1  0  1  0  1  1  0  1  0  0  |
|  0  1  0  1  0  1  0  1  1  0  |
|  0  1  0  1  1  0  1  0  0  1  |
|  1  0  1  0  0  1  0  1  0  1  |
|  0  1  1  0  1  1  0  0  1  0  |
|  1  0  0  1  0  0  1  0  1  1  |
|  1  0  0  1  1  0  1  1  0  0  |
|  0  1  1  0  0  1  0  1  1  0  |
|  1  0  1  1  0  0  1  0  0  1  |
  ------------------------------  

solveTime = 0.014696121215820312
isOptimal = true
