-- Resolution of 10x10x05_10.txt
  ------------------------------  
|  0  1  0  0  1  1  0  1  0  1  |
|  1  0  1  1  0  0  1  0  1  0  |
|  1  1  0  1  0  0  1  1  0  0  |
|  0  0  1  0  1  1  0  0  1  1  |
|  1  0  1  0  1  0  1  0  1  0  |
|  0  1  0  1  0  1  0  1  0  1  |
|  0  1  0  1  1  0  1  0  1  0  |
|  1  0  1  0  0  1  0  1  0  1  |
|  1  0  1  1  0  0  1  0  0  1  |
|  0  1  0  0  1  1  0  1  1  0  |
  ------------------------------  

solveTime = 0.009567975997924805
isOptimal = true
