-- Resolution of 10x10x10_1.txt
  ------------------------------  
|  0  1  0  1  0  1  0  0  1  1  |
|  0  0  1  0  1  0  1  1  0  1  |
|  1  0  1  1  0  1  0  0  1  0  |
|  1  1  0  0  1  0  0  1  0  1  |
|  0  1  1  0  1  0  1  0  1  0  |
|  1  0  1  1  0  1  0  1  0  0  |
|  0  1  0  0  1  0  1  0  1  1  |
|  0  0  1  1  0  1  0  1  1  0  |
|  1  1  0  0  1  0  1  1  0  0  |
|  1  0  0  1  0  1  1  0  0  1  |
  ------------------------------  

solveTime = 0.007869958877563477
isOptimal = true
