-- Resolution of 10x10x05_5.txt
  ------------------------------  
|  0  1  0  1  0  0  1  1  0  1  |
|  0  1  0  0  1  1  0  0  1  1  |
|  1  0  1  0  0  1  1  0  1  0  |
|  1  0  0  1  1  0  1  1  0  0  |
|  0  1  0  0  1  1  0  1  0  1  |
|  1  0  1  1  0  0  1  0  1  0  |
|  0  1  1  0  1  0  0  1  1  0  |
|  1  0  0  1  0  1  1  0  0  1  |
|  0  1  1  0  1  0  0  1  0  1  |
|  1  0  1  1  0  1  0  0  1  0  |
  ------------------------------  

solveTime = 0.008877992630004883
isOptimal = true
