-- Resolution of 10x10x10_6.txt
  ------------------------------  
|  0  1  0  0  1  0  1  0  1  1  |
|  1  0  0  1  0  1  0  0  1  1  |
|  1  0  1  0  1  0  1  1  0  0  |
|  0  1  1  0  1  1  0  0  1  0  |
|  0  1  0  1  0  0  1  1  0  1  |
|  1  0  1  0  1  0  1  0  0  1  |
|  0  0  1  1  0  1  0  1  1  0  |
|  0  1  0  1  0  1  0  1  1  0  |
|  1  0  1  0  1  0  1  0  0  1  |
|  1  1  0  1  0  1  0  1  0  0  |
  ------------------------------  

solveTime = 0.005063056945800781
isOptimal = true
