-- Resolution of 10x10x05_2.txt
  ------------------------------  
|  0  1  0  1  0  0  1  0  1  1  |
|  1  1  0  0  1  1  0  0  1  0  |
|  0  0  1  1  0  0  1  1  0  1  |
|  0  1  1  0  1  1  0  0  1  0  |
|  1  0  0  1  1  0  1  1  0  0  |
|  1  0  1  0  0  1  0  1  0  1  |
|  0  1  0  1  0  1  1  0  1  0  |
|  1  0  1  0  1  0  1  1  0  0  |
|  0  1  0  1  1  0  0  1  0  1  |
|  1  0  1  0  0  1  0  0  1  1  |
  ------------------------------  

solveTime = 0.009547948837280273
isOptimal = true
