-- Resolution of 10x10x20_1.txt
  ------------------------------  
|  0  0  1  0  1  1  0  1  0  1  |
|  1  0  0  1  0  0  1  0  1  1  |
|  0  1  1  0  1  1  0  1  0  0  |
|  1  1  0  1  0  0  1  0  0  1  |
|  1  0  0  1  1  0  0  1  1  0  |
|  0  1  1  0  0  1  1  0  0  1  |
|  0  0  1  1  0  1  0  1  1  0  |
|  1  1  0  0  1  0  1  1  0  0  |
|  1  0  0  1  0  0  1  0  1  1  |
|  0  1  1  0  1  1  0  0  1  0  |
  ------------------------------  

solveTime = 0.005891084671020508
isOptimal = true
