-- Resolution of 10x10x10_10.txt
  ------------------------------  
|  0  0  1  1  0  0  1  0  1  1  |
|  1  1  0  1  0  1  0  1  0  0  |
|  0  0  1  0  1  0  1  0  1  1  |
|  0  1  0  1  1  0  1  0  1  0  |
|  1  0  1  0  0  1  0  1  0  1  |
|  0  0  1  0  1  1  0  1  1  0  |
|  1  1  0  1  0  0  1  0  0  1  |
|  1  0  1  1  0  1  0  1  0  0  |
|  0  1  0  0  1  1  0  0  1  1  |
|  1  1  0  0  1  0  1  1  0  0  |
  ------------------------------  

solveTime = 0.00978994369506836
isOptimal = true
