-- Resolution of 10x10x20_7.txt
  ------------------------------  
|  0  1  1  0  0  1  0  1  0  1  |
|  0  1  0  1  1  0  0  1  1  0  |
|  1  0  1  0  0  1  1  0  1  0  |
|  1  1  0  0  1  0  0  1  0  1  |
|  0  0  1  1  0  1  1  0  1  0  |
|  1  0  0  1  1  0  1  0  1  0  |
|  0  1  1  0  1  0  0  1  0  1  |
|  1  1  0  1  0  1  0  0  1  0  |
|  1  0  0  1  0  1  1  0  0  1  |
|  0  0  1  0  1  0  1  1  0  1  |
  ------------------------------  

solveTime = 0.006454944610595703
isOptimal = true
