-- Resolution of 10x10x05_9.txt
  ------------------------------  
|  0  1  0  1  0  1  1  0  0  1  |
|  1  1  0  1  0  0  1  0  0  1  |
|  0  0  1  0  1  1  0  1  1  0  |
|  0  1  0  0  1  0  1  0  1  1  |
|  1  0  1  1  0  1  0  1  0  0  |
|  1  0  1  1  0  1  0  1  0  0  |
|  0  1  0  0  1  0  1  0  1  1  |
|  1  0  1  0  1  0  1  0  0  1  |
|  1  0  0  1  0  1  0  1  1  0  |
|  0  1  1  0  1  0  0  1  1  0  |
  ------------------------------  

solveTime = 0.008231163024902344
isOptimal = true
