-- Resolution of 10x10x10_8.txt
  ------------------------------  
|  0  1  0  0  1  0  1  1  0  1  |
|  1  0  1  1  0  0  1  0  1  0  |
|  0  1  0  0  1  1  0  1  1  0  |
|  0  0  1  1  0  1  0  1  0  1  |
|  1  0  1  0  1  0  1  0  0  1  |
|  1  1  0  1  0  0  1  0  1  0  |
|  0  1  0  0  1  1  0  1  0  1  |
|  1  0  1  0  1  1  0  1  0  0  |
|  1  0  1  1  0  0  1  0  1  0  |
|  0  1  0  1  0  1  0  0  1  1  |
  ------------------------------  

solveTime = 0.0046269893646240234
isOptimal = true
