-- Resolution of 10x10x05_7.txt
  ------------------------------  
|  0  1  0  1  0  1  1  0  0  1  |
|  1  0  0  1  1  0  1  0  1  0  |
|  1  0  1  0  1  0  0  1  0  1  |
|  0  1  1  0  0  1  0  1  1  0  |
|  1  0  0  1  1  0  1  0  1  0  |
|  0  1  0  0  1  1  0  1  0  1  |
|  0  1  1  0  0  1  0  1  1  0  |
|  1  0  0  1  1  0  1  0  1  0  |
|  0  1  1  0  0  1  0  1  0  1  |
|  1  0  1  1  0  0  1  0  0  1  |
  ------------------------------  

solveTime = 0.008356094360351562
isOptimal = true
