-- Resolution of 10x10x05_8.txt
  ------------------------------  
|  0  1  0  1  0  1  0  0  1  1  |
|  0  1  0  1  0  1  0  1  0  1  |
|  1  0  1  0  1  0  1  0  1  0  |
|  1  1  0  0  1  0  1  1  0  0  |
|  0  0  1  1  0  1  0  0  1  1  |
|  1  1  0  0  1  1  0  1  0  0  |
|  0  0  1  0  1  0  1  0  1  1  |
|  1  1  0  1  0  0  1  1  0  0  |
|  1  0  1  0  1  1  0  1  0  0  |
|  0  0  1  1  0  0  1  0  1  1  |
  ------------------------------  

solveTime = 0.007731914520263672
isOptimal = true
