-- Resolution of 10x10x10_2.txt
  ------------------------------  
|  0  0  1  0  1  0  1  0  1  1  |
|  0  0  1  1  0  0  1  1  0  1  |
|  1  1  0  1  0  1  0  0  1  0  |
|  1  1  0  0  1  1  0  1  0  0  |
|  0  0  1  1  0  0  1  0  1  1  |
|  0  1  0  1  0  1  1  0  1  0  |
|  1  1  0  0  1  0  0  1  0  1  |
|  0  0  1  1  0  1  1  0  1  0  |
|  1  0  1  0  1  1  0  1  0  0  |
|  1  1  0  0  1  0  0  1  0  1  |
  ------------------------------  

solveTime = 0.009035110473632812
isOptimal = true
