-- Resolution of 10x10x10_5.txt
  ------------------------------  
|  0  1  1  0  1  0  1  1  0  0  |
|  0  1  0  1  1  0  1  1  0  0  |
|  1  0  0  1  0  1  0  0  1  1  |
|  1  0  1  0  1  0  1  1  0  0  |
|  0  1  1  0  0  1  0  0  1  1  |
|  0  1  0  1  0  1  1  0  0  1  |
|  1  0  0  1  1  0  0  1  1  0  |
|  0  0  1  0  1  1  0  1  1  0  |
|  1  1  0  1  0  0  1  0  0  1  |
|  1  0  1  0  0  1  0  0  1  1  |
  ------------------------------  

solveTime = 0.005163908004760742
isOptimal = true
