-- Resolution of 10x10x10_9.txt
  ------------------------------  
|  0  1  0  0  1  1  0  0  1  1  |
|  1  0  1  0  1  0  1  0  0  1  |
|  1  0  0  1  0  1  0  1  1  0  |
|  0  1  1  0  1  0  1  1  0  0  |
|  0  0  1  1  0  1  1  0  0  1  |
|  1  0  0  1  0  1  0  0  1  1  |
|  0  1  1  0  1  0  0  1  1  0  |
|  0  1  0  1  0  0  1  1  0  1  |
|  1  0  1  1  0  1  0  0  1  0  |
|  1  1  0  0  1  0  1  1  0  0  |
  ------------------------------  

solveTime = 0.004683971405029297
isOptimal = true
