-- Resolution of 10x10x20_3.txt
  ------------------------------  
|  0  1  0  1  0  1  1  0  0  1  |
|  1  0  1  0  1  0  0  1  1  0  |
|  0  0  1  1  0  1  0  0  1  1  |
|  0  1  0  0  1  0  1  1  0  1  |
|  1  0  1  1  0  0  1  0  1  0  |
|  0  1  0  0  1  1  0  1  0  1  |
|  1  0  1  0  1  0  1  0  1  0  |
|  0  1  0  1  0  1  0  1  0  1  |
|  1  0  1  0  1  0  1  0  1  0  |
|  1  1  0  1  0  1  0  1  0  0  |
  ------------------------------  

solveTime = 0.0048220157623291016
isOptimal = true
