-- Resolution of 10x10x10_3.txt
  ------------------------------  
|  0  1  0  0  1  1  0  1  1  0  |
|  0  1  0  1  0  0  1  0  1  1  |
|  1  0  1  0  1  0  1  0  0  1  |
|  1  0  1  1  0  1  0  1  0  0  |
|  0  1  0  1  1  0  1  0  1  0  |
|  1  0  1  0  0  1  1  0  0  1  |
|  1  1  0  0  1  0  0  1  0  1  |
|  0  1  0  1  1  0  0  1  1  0  |
|  1  0  1  0  0  1  1  0  1  0  |
|  0  0  1  1  0  1  0  1  0  1  |
  ------------------------------  

solveTime = 0.006424903869628906
isOptimal = true
